1000 1001 350
614 703 325578
55 196 161217
764 911 23083
149 483 54617
303 760 283561
177 522 293362
624 780 73819
457 528 411055
7 98 203178
805 826 25197
117 316 284971
80 111 169964
136 184 440814
32 97 103557
123 504 123383
243 887 432149
31 734 421404
419 604 183839
18 632 217434
699 811 387905
480 540 424652
499 559 84951
477 652 84272
321 915 100482
328 793 385449
132 958 274831
151 169 464607
136 192 350269
560 593 76355
18 317 275863
201 407 153914
580 850 448586
17 101 153510
151 178 417707
195 706 434618
76 617 45862
402 785 228424
185 415 320657
235 631 343131
104 491 299698
281 987 382053
226 408 375999
10 587 421491
561 952 92350
279 926 417713
691 942 334214
444 476 466737
268 973 320612
554 597 5154
1 2 6553
75 333 316155
120 502 63130
144 429 37735
186 478 326717
315 326 181469
540 923 121706
815 944 419485
475 833 328685
427 992 305311
237 620 253917
343 799 201391
52 88 488162
271 302 43160
1 3 459898
283 968 496343
174 892 478515
223 550 366794
36 335 62783
290 727 126738
209 292 432405
533 610 88697
59 195 302915
244 253 339967
1 449 323872
316 503 489573
549 872 341284
48 391 311493
166 575 1582
528 909 196790
343 721 136968
103 151 124642
57 338 68409
6 93 445487
426 856 209754
2 776 470414
654 658 12817
51 963 244693
84 557 180963
364 794 216541
15 639 128947
68 185 122506
549 977 454086
65 442 255005
37 494 409901
182 201 181237
398 907 376182
678 747 399219
319 719 115683
111 702 405042
388 803 143755
429 458 462542
427 931 259204
278 457 129113
233 453 288745
24 38 218648
7 225 421088
351 354 135735
109 387 117743
67 77 452247
402 498 206837
15 37 426704
242 475 211062
92 230 120657
602 757 461635
435 699 7831
3 23 31390
351 817 325624
16 133 494897
51 87 352837
95 210 474779
562 857 303874
670 680 83499
11 267 471166
673 778 175780
146 647 268878
197 228 336946
603 790 119590
249 889 11842
6 763 102230
21 25 82139
141 221 324999
647 873 368547
21 52 241352
237 339 366646
24 29 409630
40 83 114648
476 675 84034
33 108 193753
108 389 11441
141 426 260452
286 600 184092
13 135 368704
31 352 323417
169 701 294598
314 630 397640
32 90 343343
816 884 351012
53 203 450414
64 590 115173
137 552 81498
777 860 258060
19 677 99191
84 131 134688
392 403 172896
468 596 13789
291 464 235468
99 741 493224
676 867 418460
507 842 404910
5 89 225900
607 895 449255
106 370 158750
114 275 89580
944 984 325713
891 949 299157
30 120 94452
95 117 109497
266 428 122574
841 937 82375
78 112 354529
546 828 495714
80 167 68068
584 711 28826
73 859 82774
72 187 385324
436 807 451862
591 736 99590
57 648 99247
365 753 117763
164 216 113868
109 520 415603
3 168 477803
296 507 243196
25 204 182986
790 965 6315
244 835 69492
7 13 13743
121 463 311959
431 921 267515
613 808 11462
307 651 149846
280 346 189507
470 687 159674
355 642 300219
410 497 258427
464 579 181822
577 774 173247
670 912 54087
164 289 273350
687 831 99313
177 935 178147
400 465 327690
125 226 477277
95 266 240447
688 726 328762
454 783 156859
134 846 366243
41 58 57464
51 678 329484
25 388 326938
78 898 291164
880 930 310219
346 419 97706
345 863 52998
218 371 115388
37 73 392087
339 546 430451
27 163 192277
19 105 177063
82 130 362502
77 190 428471
148 608 128626
67 345 368870
958 999 205046
159 361 404518
177 443 212941
512 903 322208
433 772 290190
174 421 396661
485 581 423707
4 20 209870
110 177 168826
65 402 429280
253 270 202682
309 341 263941
714 746 213189
344 582 363062
199 278 353101
172 183 41568
112 155 95019
183 269 289937
19 118 113311
34 274 350707
214 656 323902
111 132 444334
248 545 431330
584 804 377416
11 57 22755
100 436 101379
5 41 230035
26 366 312153
140 441 141683
641 990 305842
276 448 344194
7 252 399077
34 311 73432
55 70 92707
99 595 299314
1 47 14805
263 688 365699
209 224 388012
598 786 255670
267 276 396412
312 910 157950
332 991 490441
437 810 379769
112 189 371277
542 749 385464
314 880 401958
48 140 201715
764 988 464261
479 681 185233
620 169 89750
558 748 245149
47 243 177780
753 821 485434
62 357 29027
13 832 192863
14 35 374412
31 381 277709
122 548 63370
320 396 480777
80 207 14331
33 141 108170
769 939 284953
33 386 335019
577 645 374423
289 430 119325
450 541 146082
118 153 328899
1 27 332993
422 936 282785
593 668 398401
554 894 356814
86 188 268078
3 60 369541
9 18 101560
40 240 402867
119 669 352802
154 218 415241
225 967 225066
173 233 133389
929 940 330023
243 900 451450
97 126 440433
11 86 367226
494 599 168280
526 876 443481
378 510 221873
161 733 141355
519 948 245718
106 319 465490
60 508 407142
68 202 279746
24 53 327613
54 256 415259
328 729 12615
829 924 138675
119 175 57072
78 254 257038
388 612 420099
218 422 219592
20 54 349675
184 534 445449
357 524 161781
456 775 484593
304 315 419014
564 773 83059
8 17 322334
20 170 269791
383 938 15957
723 825 220076
197 657 251363
231 379 317849
835 934 58257
117 731 20781
74 530 104669
121 692 121292
410 974 487861
85 100 185449
409 454 217350
89 110 381575
268 490 285551
35 59 244007
478 509 423522
173 314 130464
313 853 436731
22 122 387871
151 440 125640
226 980 94694
62 136 43646
335 961 108191
144 496 210299
282 787 464005
76 598 478090
35 198 67107
179 473 434983
187 237 135704
349 350 366036
31 989 29019
435 471 106914
72 477 329599
106 609 298067
361 986 417984
289 564 485478
692 981 367867
320 337 58457
36 43 257036
667 882 365356
29 80 120825
184 708 310480
451 922 207367
105 351 115770
666 886 71380
202 661 49571
12 356 295909
41 839 326267
128 343 487132
112 176 17923
20 24 3868
20 125 364399
408 562 306441
665 834 338380
93 227 252793
226 334 232738
121 146 224239
50 113 5766
657 716 35302
31 284 293085
146 286 184093
1 156 479213
581 830 24873
106 472 98614
583 628 238407
48 914 418863
669 686 288278
254 349 487191
590 768 80878
679 928 495662
25 161 318060
307 461 237368
62 869 137469
433 607 297324
130 728 478210
81 209 462816
373 814 249083
356 547 5351
11 78 118007
258 655 327298
399 829 354227
21 975 143867
554 781 44902
6 268 420991
300 676 359937
62 394 338536
117 197 434016
236 960 478600
242 577 462382
86 149 291993
352 567 144883
551 696 299281
578 777 429406
8 75 223937
119 583 137248
30 94 318537
39 848 239610
692 782 344217
19 273 77466
31 85 410883
226 576 330380
119 521 237329
177 211 250732
674 970 311724
61 342 6081
50 55 333707
190 489 16801
583 625 74820
200 565 457756
150 171 145550
344 416 490083
34 800 246966
165 304 455623
145 213 249794
136 481 208789
488 538 21540
33 61 167202
695 904 136205
302 405 486693
296 983 89764
187 637 401617
20 344 330095
12 109 227686
188 555 450456
158 353 82613
22 467 245461
385 459 149134
89 99 361106
428 519 305102
479 868 250908
99 649 305251
619 666 133090
217 770 10658
90 180 171098
41 543 284286
149 393 457333
538 881 381756
159 206 27864
408 518 186471
210 248 429408
175 858 125108
351 359 574
735 925 151016
413 740 481047
16 222 483462
284 845 454888
98 531 256101
690 762 279877
13 69 71188
252 325 32009
122 181 34648
6 14 206524
92 137 20224
43 72 132966
3 12 381843
206 208 28828
519 560 376837
479 542 461129
42 142 245056
317 414 69670
49 71 117115
76 239 486111
215 282 194156
356 409 3480
649 690 8172
197 535 201528
5 129 54938
202 767 124251
551 758 47480
196 272 463521
499 614 194380
29 245 114079
161 340 477392
243 296 121445
2 4 209988
427 945 196431
393 802 219126
1 30 303240
129 166 304179
57 438 141635
376 400 87143
50 67 224476
138 742 96746
301 505 204473
377 792 270021
534 694 64227
32 96 355253
85 725 373054
23 347 323762
286 432 199050
305 816 284892
13 15 69847
68 851 174485
955 998 369355
14 933 83882
502 764 92607
179 523 2192
782 837 269786
358 674 273809
33 62 46617
21 114 114820
84 123 374169
3 115 15910
89 771 106335
82 150 14988
30 39 70966
45 103 19689
397 626 254565
452 544 333670
372 871 351602
2 134 324147
760 847 103739
416 437 249255
814 844 164973
135 890 98039
64 74 382534
1 893 59571
136 526 251371
730 732 61242
439 897 435931
47 324 416492
883 1000 356788
50 174 96838
505 533 208387
114 231 373751
190 299 377528
9 363 115504
494 572 13557
219 424 242192
310 755 444109
75 336 454461
192 395 489523
221 247 450596
185 194 183040
117 182 13809
497 650 176414
43 152 122242
82 91 376258
217 303 129663
220 328 456512
626 714 231986
24 372 321430
309 329 209154
254 537 320039
151 236 441128
504 724 64435
2 261 322321
29 824 483176
423 514 239335
125 571 214561
3 294 231540
90 121 333061
601 606 93946
19 66 57496
511 636 156036
708 883 8825
89 710 427950
82 116 490578
5 22 39819
163 263 11216
24 242 327978
363 589 280024
78 633 426391
525 605 464096
167 446 277378
217 951 360430
675 838 356308
134 320 344884
468 806 73306
510 743 215338
99 450 497342
120 908 264392
38 42 45759
358 364 316377
40 102 245494
389 698 130954
85 172 88957
142 241 255551
182 401 78572
133 297 407143
223 812 210316
222 516 131382
588 659 351013
215 629 291723
653 993 77736
4 737 417910
271 406 437845
96 312 306512
352 399 299332
203 996 267488
10 705 221512
351 759 111633
24 64 285321
23 104 54063
135 159 88024
333 917 185975
635 885 546
137 288 73627
296 511 373553
27 186 13438
55 298 294578
225 283 3243
23 46 309312
652 660 248265
233 318 381822
101 143 160283
176 193 327085
122 374 349950
332 691 201405
338 591 12822
342 906 456555
92 145 454291
3 5 486908
15 106 393449
291 462 416764
210 215 93377
777 843 404460
466 879 159965
245 769 328319
375 501 79767
384 499 253163
91 745 70664
410 932 427510
528 818 251130
401 427 69589
273 672 44380
264 573 172436
197 634 239700
438 627 86916
365 891 199307
467 954 429041
110 603 339195
367 368 450734
5 16 124996
212 358 189397
139 586 377699
55 277 267788
86 251 155166
691 820 448944
408 623 492333
153 234 478880
486 971 409535
2 48 297547
27 474 188062
492 707 172828
157 592 287377
725 779 217308
67 281 242298
548 865 475708
297 558 435914
24 466 50416
661 752 434688
1 9 335317
3 6 338827
248 566 452929
23 63 299812
366 899 307485
123 138 144917
190 264 88225
399 739 412442
25 32 327116
119 866 59572
34 220 296048
214 378 232922
264 913 167557
337 375 445552
138 784 157941
1 641 109225
540 994 415490
93 229 367264
16 819 359217
503 941 433471
536 750 341652
495 956 283350
92 309 84125
523 667 163858
161 964 54663
642 976 273628
150 875 293294
409 513 297317
245 864 323205
439 460 43753
577 979 212961
170 260 110377
63 321 139869
198 480 316478
207 238 80576
181 244 68308
292 482 22776
490 578 342408
147 250 319283
283 823 374431
499 679 464681
102 144 159938
738 795 165507
450 854 287933
252 435 292803
200 390 153793
101 517 131055
377 554 137014
190 663 488580
216 492 14998
18 306 7838
399 613 214417
63 147 128477
92 751 124018
314 959 250563
44 791 238432
45 556 370978
508 682 365012
322 452 355742
406 515 439906
21 420 429920
193 689 39023
4 888 408592
384 982 322268
344 615 209596
23 670 149793
581 901 101761
157 323 98175
165 947 370373
186 295 8280
119 148 90511
67 84 405645
21 212 71815
144 154 430642
155 500 246036
26 433 232996
432 995 188390
478 754 195809
24 165 264913
97 307 93409
795 855 447665
334 411 340916
25 76 459005
154 551 256193
538 635 139840
429 916 17808
156 744 214761
161 809 170166
270 685 280755
3 45 228558
47 56 104941
178 756 491600
264 355 156115
283 300 342283
659 798 114364
32 662 230356
85 124 3702
525 730 5039
51 95 1031
377 493 424787
7 34 419850
608 766 107160
592 788 41326
33 51 364622
234 255 177211
855 953 208090
37 377 246927
26 40 113864
280 413 431262
634 638 428850
40 162 358940
6 376 209126
696 962 221820
416 640 252950
446 966 398392
3 8 294105
3 11 171435
660 765 471812
296 398 367609
190 262 86513
71 801 140469
549 619 425151
202 616 218161
46 191 347160
192 257 378815
285 287 433782
168 479 269537
3 7 440758
369 529 66086
235 313 436974
132 410 399702
262 331 136872
571 796 119415
6 468 232737
477 878 118232
36 50 477266
21 301 93382
230 621 146437
192 280 202323
156 200 375112
250 664 163287
14 128 19384
556 622 462492
301 367 124842
242 455 379737
335 536 381400
100 665 189611
75 127 224194
430 972 21345
87 382 368784
293 506 19170
280 512 34645
470 717 264235
156 373 166284
136 602 144162
204 584 194481
175 718 325312
15 495 224893
119 643 488902
769 957 417163
339 488 454568
659 805 174025
101 119 195431
167 549 274359
147 527 120309
36 265 88518
325 447 5729
54 271 29428
620 955 106817
381 392 46184
478 563 499003
65 68 445870
143 235 118369
90 285 155756
181 580 108971
643 644 123112
409 444 91874
271 305 461349
49 246 149331
480 485 338962
348 539 429351
356 439 127927
490 568 71627
680 929 316768
5 28 199113
267 683 19653
499 789 249201
56 82 169759
481 946 257837
271 723 443072
193 199 23397
57 486 315586
175 332 36720
47 369 116868
3 919 416410
142 308 34569
346 695 316916
50 81 205351
4 92 45197
57 79 337182
10 33 473746
574 827 311141
108 173 234148
623 697 114884
52 484 99366
14 49 54392
539 841 239479
303 418 162473
82 158 119488
15 291 222891
100 249 159672
111 259 310198
362 445 463387
11 19 244301
291 293 452994
207 360 347339
110 997 92034
200 258 14094
635 836 220439
131 217 196493
116 232 436432
591 943 229170
321 456 473290
174 417 494518
78 179 56920
734 861 252005
567 570 91767
328 720 381094
92 709 386928
17 36 230366
18 601 2552
117 451 198885
60 214 480363
292 840 105480
285 525 359395
969 978 31269
601 624 34283
251 310 343500
34 362 246028
207 219 447570
18 44 49122
84 164 319855
76 383 329044
203 205 136831
27 654 113807
168 735 445192
532 646 441271
2 21 380969
54 65 425482
149 469 216476
43 223 180915
844 870 322995
9 26 412894
416 532 11621
497 969 3973
121 693 238412
113 157 303830
531 553 414485
155 849 65630
515 712 276149
143 160 112415
91 673 78213
407 684 160207
8 10 202324
170 365 214880
283 585 121857
856 877 394856
138 434 457711
30 322 30795
512 618 419131
165 574 329938
969 985 27621
106 384 122130
881 905 11218
638 797 142666
600 927 32672
138 330 270382
191 569 479762
246 412 366116
245 653 277105
108 902 285771
718 205 168780
310 431 194304
579 896 138413
253 397 194274
158 920 305103
104 107 1922
239 822 445126
684 713 198387
31 139 161263
617 671 413502
40 423 478571
311 487 85790
198 385 450673
31 700 322184
299 594 475094
126 290 165172
573 950 326887
390 404 204634
146 279 267068
681 874 237422
425 470 308268
93 918 268442
78 380 55781
149 611 470723
163 561 84594
73 425 466716
675 815 37420
29 31 177739
232 715 276421
430 813 160695
148 588 9484
353 862 253766
492 704 346454
112 738 188082
212 761 466124
52 327 403760
648 852 468678
527 722 451196
262 348 44154
1 166 679
1 499 178
1 704 512
1 4 467
1 944 55
1 920 993
1 659 892
1 712 518
1 134 987
1 19 572
1 611 898
1 432 687
1 441 514
1 55 43
1 863 410
1 621 400
1 435 7
1 953 595
1 679 65
1 176 44
1 78 808
1 247 541
1 712 852
1 77 818
1 140 882
1 118 411
1 32 217
1 96 192
1 546 306
1 566 650
1 729 288
1 224 938
1 823 301
1 379 482
1 271 98
1 407 745
1 775 652
1 708 215
1 614 164
1 255 487
1 94 53
1 383 416
1 766 778
1 296 69
1 148 796
1 405 939
1 741 440
1 72 496
1 327 761
1 402 742
1 887 295
1 302 110
1 944 893
1 754 904
1 292 149
1 947 978
1 478 14
1 486 473
1 532 890
1 399 116
1 550 417
1 694 239
1 751 582
1 147 938
1 962 433
1 105 793
1 888 573
1 906 760
1 72 84
1 189 223
1 307 778
1 196 136
1 636 944
1 686 159
1 421 413
1 529 525
1 912 522
1 723 18
1 30 657
1 813 73
1 988 453
1 402 64
1 187 129
1 751 550
1 486 832
1 416 184
1 947 212
1 130 612
1 590 568
1 524 972
1 967 66
1 480 595
1 387 872
1 790 737
1 408 33
1 479 5
1 380 791
1 112 166
1 452 166
1 735 946
1 491 426
1 698 440
1 575 257
1 737 28
1 801 187
1 464 339
1 294 243
1 823 256
1 791 104
1 598 196
1 889 614
1 129 151
1 74 210
1 337 92
1 907 521
1 899 79
1 999 74
1 616 642
1 905 936
1 240 110
1 476 816
1 706 541
1 762 650
1 216 841
1 470 999
1 425 903
1 102 230
1 477 855
1 225 701
1 211 742
1 768 974
1 89 786
1 76 259
1 602 539
1 561 875
1 554 8
1 546 607
1 172 268
1 63 49
1 857 277
1 392 524
1 159 199
1 168 192
1 391 977
1 226 417
1 391 319
1 290 414
1 868 983
1 748 274
1 769 977
1 561 686
1 716 259
1 616 514
1 451 301
1 846 756
1 822 261
1 741 17
1 688 554
1 840 572
1 909 851
1 23 743
1 31 354
1 705 29
1 223 920
1 383 825
1 855 231
1 390 742
1 526 985
1 588 104
1 822 966
1 473 97
1 369 836
1 104 295
1 782 194
1 16 12
1 675 67
1 407 898
1 353 512
1 3 327
1 100 801
1 977 806
1 937 482
1 350 424
1 777 310
1 377 300
1 757 629
1 347 709
1 381 476
1 870 829
1 896 416
1 685 315
1 298 569
1 990 986
1 519 815
1 862 478
1 930 333
1 31 90
1 821 839
1 353 221
1 258 751
1 366 133
1 504 125
1 313 843
1 100 442
1 956 359
1 117 775
1 709 529
1 433 644
1 487 549
1 48 775
1 556 435
1 654 267
1 514 982
1 354 199
1 370 648
1 958 102
1 346 768
1 686 114
1 393 79
1 419 792
1 987 877
1 32 804
1 851 776
1 247 850
1 203 50
1 99 959
1 840 39
1 380 996
1 494 996
1 599 343
1 121 878
1 44 814
1 959 249
1 134 957
1 586 725
1 949 64
1 75 162
1 553 313
1 806 699
1 429 924
1 55 978
1 912 432
1 179 885
1 664 537
1 623 188
1 373 498
1 929 105
1 918 706
1 181 759
1 134 328
1 171 591
1 395 890
1 532 964
1 514 726
1 985 23
1 925 270
1 446 357
1 501 426
1 5 86
1 477 468
1 987 198
1 926 613
1 411 332
1 319 664
1 985 880
1 878 644
1 539 289
1 85 413
1 148 124
1 5 260
1 501 174
1 872 729
1 381 282
1 809 905
1 320 476
1 280 552
1 500 144
1 535 871
1 403 503
1 109 45
1 259 557
1 732 405
1 368 275
1 135 467
1 881 760
1 283 644
1 683 924
1 668 332
1 143 374
1 847 887
1 708 303
1 483 902
1 517 161
1 1000 633
1 102 78
1 81 616
1 875 210
1 69 391
1 299 525
1 828 848
1 160 292
1 322 841
1 174 708
1 321 304
1 490 122
1 309 240
1 399 763
1 209 330
1 298 253
1 493 909
1 44 697
1 651 555
1 116 731
1 937 331
1 475 618
1 184 887
1 57 161
1 133 465
1 876 830
1 635 946
1 330 56
1 360 731
1 612 772
1 914 57
1 979 622
1 940 270
1 915 152
1 352 376
1 390 402
1 835 770
1 820 990
1 272 887
1 134 975
1 168 149
1 178 494
1 359 194
1 734 492
1 422 75
1 863 566
1 379 53
1 591 159
1 473 695
1 1001 396
1 98 857
1 511 520
1 362 851
1 93 47
1 971 517
1 707 580
1 120 516
