1000 1000 350
43 267 135698
113 488 233628
268 629 161842
37 108 287499
158 444 208326
197 206 315889
245 446 286275
67 234 22740
536 906 724
23 89 484823
692 854 455600
38 227 6979
161 542 348872
208 871 148177
231 929 20687
273 707 337323
100 139 431488
71 141 247741
502 579 226470
61 917 231363
327 582 152595
163 249 26500
110 146 83449
111 229 426327
507 701 420428
346 425 5858
3 5 1189
34 35 472440
73 724 372156
253 664 430023
102 427 353288
368 381 226775
138 466 495486
683 846 217087
605 672 402964
19 81 245593
450 703 496817
273 853 401516
607 663 369385
254 976 352112
348 606 386700
316 880 399602
356 367 97409
3 452 223641
69 365 314297
375 497 398550
532 766 149788
534 803 341530
508 668 31167
11 59 408049
137 733 400131
367 738 85365
275 904 8377
4 8 111317
45 550 449509
535 965 131375
140 902 344295
73 788 488375
88 183 487671
34 43 465605
339 828 461442
419 784 471968
730 836 493562
268 323 253598
106 281 341953
358 995 175279
3 69 164771
89 317 488814
569 823 330875
30 111 230457
85 122 218864
9 62 131880
572 581 485247
88 210 244451
403 748 162758
122 426 274294
438 905 14368
476 777 201481
147 562 42712
96 918 472612
552 725 23298
8 33 303834
609 868 175895
533 834 225237
341 529 53494
143 189 101857
46 346 270922
231 459 429357
86 762 450169
10 11 136485
587 644 189823
677 770 257346
428 508 244594
669 920 232758
77 130 201357
186 194 244834
425 563 441839
460 626 328480
133 147 267517
39 722 451872
42 814 429788
180 586 306564
20 103 294033
419 954 265113
11 13 159829
529 691 407134
37 92 389891
316 429 336805
301 403 431251
249 364 481029
1 328 145209
583 973 480990
49 283 399806
112 167 426026
129 371 164214
720 775 13662
27 248 259680
1 3 103055
323 406 361763
123 759 473132
22 180 386498
48 114 224034
325 332 355045
56 445 379977
290 519 368333
16 37 342547
107 840 21487
89 893 475570
70 128 465345
437 742 197367
196 420 356066
587 947 179020
89 503 371388
10 399 119560
313 659 328097
491 524 339099
96 933 24449
394 720 301767
84 316 437563
74 412 116716
18 530 279487
271 655 205973
241 634 433831
9 60 271394
266 916 217638
353 402 165100
97 289 47261
126 138 90672
176 730 307105
2 848 57625
8 653 236753
163 423 455436
89 326 285287
42 468 342269
223 348 208734
272 601 475927
250 616 174952
267 372 291770
24 479 408449
43 77 343679
845 970 312986
669 678 61341
41 57 209264
167 199 59618
158 215 179759
13 19 427724
48 64 306656
63 145 453366
193 387 320615
455 608 68665
26 124 274411
61 115 25060
124 209 137649
47 434 139780
422 454 46543
546 967 197418
108 518 367222
34 39 7045
79 272 437618
52 106 155753
394 752 372837
58 90 340466
655 726 47932
688 798 403878
277 484 158603
68 305 274737
669 743 3354
500 642 242541
609 811 323484
72 274 179456
117 774 147274
32 80 270601
265 605 419963
356 758 53691
92 306 33774
13 26 89684
2 36 351329
17 482 461204
296 747 481850
215 574 231460
453 909 362318
50 689 287622
22 48 440439
3 24 105789
210 282 253646
210 440 212407
290 315 4240
505 708 90822
308 375 372247
15 322 492506
9 153 349411
603 858 116172
24 136 145947
5 65 436520
2 12 356842
746 833 22167
28 41 332179
77 159 228664
519 915 355422
171 576 31587
36 158 163897
122 974 258756
565 671 117385
109 284 339945
239 595 294228
32 308 401426
586 991 62346
350 379 245369
641 941 397913
195 735 431018
129 621 41065
113 350 431392
89 392 151486
162 874 297504
404 745 411409
29 702 392869
2 592 81088
8 578 351031
282 783 418268
10 239 152508
31 250 171563
71 487 34627
247 498 288742
140 368 175876
64 84 141539
404 927 370881
69 71 19016
269 309 177186
2 4 313782
498 922 168835
662 900 133161
419 533 332251
24 93 16609
864 881 140682
269 713 85494
169 851 128064
274 276 149463
81 386 434640
765 977 221916
448 555 482026
921 969 78909
626 925 611
855 886 73724
315 489 150391
436 590 371140
367 407 205662
801 832 242432
241 500 486114
261 821 2091
19 91 319476
233 280 425341
238 697 119890
607 684 257942
17 243 398907
78 260 345996
276 829 261380
163 296 59164
1 96 497891
355 912 434161
558 572 438992
117 292 420762
60 377 274610
248 711 472256
106 430 145851
18 300 343626
98 688 44136
455 516 338800
412 934 311584
20 220 14311
345 603 408493
53 70 192768
463 600 315762
365 457 352801
272 712 345964
251 291 475259
585 966 309689
589 921 146736
76 808 114040
17 105 398194
393 594 83800
187 269 79926
22 218 233237
391 419 345760
581 676 22896
192 844 157323
156 413 410718
268 825 68266
1 2 176437
375 438 415095
369 493 378333
162 422 356329
603 789 342467
390 556 421138
514 520 260610
3 50 361297
105 849 169304
168 254 414874
331 389 177635
80 121 112628
23 721 7210
98 670 238002
42 233 272210
434 567 92682
189 255 342869
125 645 27646
42 47 139463
26 226 204303
4 6 420194
34 597 175953
299 460 405907
181 415 55599
159 433 281429
150 388 321410
444 474 436560
27 28 93106
77 171 471892
201 763 92887
126 732 444095
4 63 264489
53 551 320751
107 204 392463
673 744 305815
16 18 267581
840 883 177192
447 560 158591
171 887 446690
126 982 120307
458 570 314500
133 182 361378
176 398 291337
31 214 284279
99 475 195951
17 72 216726
187 687 186101
160 639 187454
539 657 14454
279 694 83446
136 637 496623
730 818 121132
460 543 280832
8 877 291294
129 382 437156
431 764 455491
135 342 429701
69 584 474017
313 787 376791
618 749 133929
641 690 135351
2 29 325901
412 618 176656
52 73 260856
491 565 154773
370 699 425294
328 715 393436
160 510 65225
156 157 367148
57 449 460297
7 46 98699
257 723 159754
35 997 190582
451 458 414579
677 908 457747
39 907 461802
480 839 48703
674 685 337549
58 82 34251
185 356 106269
620 801 282933
411 658 26090
475 593 155418
777 999 217437
9 692 437713
279 710 421649
45 61 188306
427 491 230427
48 384 440533
9 16 252718
126 288 258496
64 148 238201
138 339 246036
17 628 496803
334 463 36261
45 53 426243
43 396 61539
598 695 296086
429 962 192076
325 599 242018
618 780 496329
101 527 167409
743 756 254545
765 960 170418
239 334 208445
132 390 497251
70 240 426526
176 879 240742
635 706 168637
492 817 345131
19 38 159836
673 889 348692
364 380 159509
96 257 161449
30 443 16424
597 598 447445
556 559 93390
233 455 22510
786 903 265143
1 112 313053
158 669 385487
136 219 325447
170 359 220516
952 978 93714
163 178 64251
50 76 466712
9 68 239808
614 792 65063
202 294 394401
82 192 153093
196 212 71716
245 843 153698
198 265 358441
374 557 95250
846 988 205804
21 172 241205
230 596 312533
302 731 374498
414 790 102988
150 168 3054
497 946 456106
537 666 402736
102 190 368937
181 200 331365
778 882 92065
354 448 195201
46 307 476317
4 17 196089
329 525 330713
219 478 159225
132 357 152846
110 271 333056
926 986 74546
546 665 148990
493 630 40461
570 983 224435
108 437 172369
42 495 478636
229 772 9737
65 431 335262
211 631 237011
90 259 273679
286 312 258701
146 275 386300
820 850 219063
801 980 382644
3 160 391363
132 481 430695
226 492 364916
308 517 365274
44 79 348938
619 769 270866
240 705 330752
40 453 101814
737 793 6568
75 238 66027
49 298 21228
14 66 339011
100 196 41059
8 345 460487
166 794 496590
255 331 145251
73 125 450525
643 729 323492
159 613 226269
302 741 81033
350 979 236520
453 635 442006
151 395 235848
564 617 441425
78 253 22363
197 651 153524
27 116 131822
111 575 110721
84 140 395113
280 779 216232
225 436 67709
248 303 408410
588 781 419324
96 252 493199
151 936 5801
344 485 480353
148 791 82877
4 30 116894
64 373 422256
384 993 264822
646 911 26755
325 660 205185
343 686 271981
125 152 382283
129 441 143204
504 802 364021
727 804 381707
267 734 241318
394 522 399229
311 324 78364
853 937 64141
243 355 77230
203 580 11248
65 785 188513
494 894 4096
104 150 282582
17 538 193451
49 587 72019
19 133 302257
255 344 194757
566 919 318007
304 975 115585
79 325 139079
275 812 241173
313 333 112992
130 143 55392
346 566 280096
31 236 337939
61 290 68975
1 123 377676
62 174 480758
405 835 325305
91 134 483454
27 654 456233
467 899 331720
162 207 341244
398 698 268602
46 235 331347
11 15 213810
125 179 68796
728 754 82932
23 34 70836
151 573 363015
448 536 445156
52 633 2113
137 262 137528
98 418 6298
327 677 119472
134 948 105620
278 451 216736
584 865 179275
142 151 325786
197 548 134252
117 295 419427
336 338 110021
440 471 77134
659 797 97826
42 652 392484
41 800 426524
341 898 482799
142 513 146905
42 329 305522
484 727 124820
15 52 107413
125 409 424228
79 85 326370
167 191 53643
168 432 389136
15 78 39252
821 994 92682
235 496 360138
865 891 81876
324 623 214395
50 137 376705
52 511 121447
485 949 14654
59 154 499205
180 416 45553
523 583 493325
926 930 161986
34 467 191419
452 549 194536
23 187 22988
256 366 325068
27 117 89918
125 232 175313
115 499 448672
182 261 249875
450 602 282115
92 370 157449
19 27 325048
270 838 380225
83 88 420629
274 810 435435
336 649 281320
84 94 203210
153 161 282619
428 855 382895
24 256 290677
139 176 256749
28 674 367397
600 624 91659
236 507 409122
379 385 227836
67 221 44496
109 297 75861
156 258 293900
43 337 212590
120 205 113191
136 195 230656
358 362 241448
359 680 111567
33 228 233531
249 512 274441
140 552 29522
662 938 222168
90 632 203705
178 890 10161
88 547 370045
347 760 29346
137 768 157528
110 149 238920
5 7 444516
162 197 19086
49 428 475356
414 682 180061
159 352 165716
181 360 405988
59 558 335162
409 514 121738
377 483 154039
402 588 150509
591 857 89650
67 83 71837
208 862 137094
340 650 65799
204 383 211472
169 376 331612
666 964 381215
346 856 351520
372 439 149196
7 9 350223
279 361 120126
631 950 442496
375 554 247187
149 987 141412
336 704 394192
71 166 374568
193 683 348945
113 717 75733
163 335 456228
889 972 346206
57 86 328812
35 864 497465
114 119 106504
59 378 43047
86 244 21422
270 537 172415
149 951 253950
122 223 416529
322 822 279678
14 95 283973
415 827 225115
560 615 120136
287 528 347472
60 185 97886
262 619 352841
347 681 467568
406 504 68137
869 990 308455
189 363 220247
196 278 305379
158 998 354474
126 867 103040
230 477 388168
11 14 289522
532 875 68017
686 771 315250
157 246 35213
123 971 145626
83 287 448119
129 279 132987
247 913 433846
7 131 66012
95 216 203454
650 736 127422
736 820 472135
247 939 35655
800 876 297771
30 45 277336
563 837 243262
37 222 319621
762 859 161627
349 873 329314
255 461 440662
438 869 18965
55 321 496792
314 521 2836
194 175 88231
650 847 128252
38 163 187411
582 661 360112
15 31 213459
693 807 327455
13 20 491155
135 273 260635
39 625 247878
78 120 226012
586 746 327354
58 614 342729
771 872 250952
181 931 151084
76 155 452185
8 58 34733
396 928 195185
145 627 407285
230 299 103282
499 535 196512
572 773 142353
64 251 408663
262 293 448605
715 841 391627
242 585 38018
30 142 30084
23 502 484680
28 51 98115
68 314 166148
45 102 60894
112 330 231196
184 611 342830
127 203 80848
151 539 428573
103 540 96104
394 675 104375
205 264 478775
113 622 183344
741 806 325669
152 169 442458
172 400 60544
253 852 399685
113 132 60207
108 509 236210
291 450 469044
143 351 300523
88 99 22529
25 263 101291
16 310 9215
489 607 33070
592 765 413662
86 796 350305
38 577 376669
378 870 55857
192 515 84172
33 242 11863
96 165 165028
312 878 108692
322 545 233111
254 405 457387
66 374 285388
24 44 336778
188 198 348444
143 609 73904
336 553 388762
532 753 91573
182 318 388882
293 888 477583
7 10 496560
180 940 132984
337 347 292331
296 494 49203
34 740 346406
122 170 342913
149 414 389991
17 569 384255
311 767 379524
119 247 295428
34 97 177205
162 923 161522
331 641 110937
357 638 270306
459 589 335365
143 224 479247
332 750 176532
55 173 152486
316 824 213955
263 885 308469
95 561 282341
300 1000 301963
479 826 426578
932 956 156265
845 961 290677
384 394 444754
13 526 417280
342 809 12379
60 87 438180
58 74 251253
24 213 254140
461 620 12998
428 469 142035
183 186 280477
136 401 248550
323 782 323938
24 815 165112
172 181 454136
445 673 163452
311 571 475633
382 945 420080
21 98 120661
84 845 355274
106 302 238726
186 480 11377
216 319 244665
107 175 44991
145 268 209815
130 391 492253
307 795 387969
73 135 233310
12 49 159077
538 718 204445
32 184 277418
186 895 477294
3 104 209
415 564 11005
658 955 478307
161 435 468052
110 996 148797
83 162 349337
462 610 322654
133 523 425942
278 647 453524
70 353 215424
885 963 308585
1 127 52860
258 313 141483
415 447 54651
23 397 122499
451 501 479926
486 648 72678
19 208 25627
126 410 331133
25 67 171710
52 231 317852
200 709 349348
564 728 289716
490 805 262428
495 656 342474
105 421 347135
291 411 70277
451 700 38985
73 490 66496
584 992 213318
190 408 329195
89 354 266810
5 126 132046
34 241 152388
681 799 69127
3 311 490561
550 884 143033
24 109 368819
392 778 312384
101 230 401137
67 100 177094
94 340 95598
448 716 106739
424 751 353722
17 22 443331
192 358 341368
504 506 355428
9 202 127247
505 643 177601
73 636 301056
98 164 485429
61 144 228720
232 591 28727
125 343 18572
66 156 43994
16 55 282078
169 424 126437
24 32 227207
71 201 349448
145 932 446069
251 761 425272
696 830 131276
363 892 326091
222 472 135460
101 110 356190
598 816 441363
140 456 240677
263 462 497254
704 897 4916
38 404 153995
670 739 350655
83 465 3262
330 914 48690
154 417 266464
211 924 401408
166 604 190412
64 546 185456
34 286 133851
13 23 298696
5 75 54989
196 349 115574
278 544 223835
162 473 146859
167 277 224729
478 696 64318
87 285 207545
37 301 319134
4 25 25324
571 646 29473
586 640 378013
228 341 112036
552 968 259310
18 813 395962
116 336 76550
839 866 394162
188 679 34197
140 304 396428
423 953 69180
144 188 467998
615 959 238945
18 237 212460
107 719 351562
32 505 345249
26 211 329947
402 568 226340
262 327 114611
138 217 351522
106 693 171242
78 926 149075
314 532 60344
250 486 131291
89 177 476292
40 541 296419
39 113 287629
373 470 189981
245 863 227076
19 225 181249
228 957 139839
558 612 306228
54 129 434846
604 714 319826
492 776 217163
477 755 239111
86 942 411895
493 819 468900
11 40 22715
469 757 153854
724 737 207799
686 910 347152
301 320 347341
74 270 401360
10 54 153199
60 984 232433
153 266 264657
313 442 78103
62 107 461320
293 464 54205
709 861 355045
54 101 4033
362 369 9856
83 118 345648
832 860 234370
287 952 276215
566 662 260497
21 393 459985
467 534 247762
181 531 467080
122 476 123641
510 943 364800
49 245 473726
546 989 471415
693 935 256956
5 56 432509
525 896 224409
702 901 330979
35 42 466406
747 958 319887
823 985 154532
277 786 190057
700 842 177333
217 667 364619
697 981 52603
4 21 271369
224 944 209049
599 831 331388
179 193 27179
1 711 131
1 26 627
1 41 163
1 893 217
1 940 626
1 654 732
1 100 163
1 733 211
1 617 146
1 24 896
1 116 713
1 37 730
1 583 284
1 670 730
1 97 835
1 414 769
1 393 780
1 132 694
1 692 954
1 278 959
1 650 494
1 146 807
1 240 235
1 576 506
1 990 348
1 201 606
1 527 517
1 570 411
1 46 409
1 606 76
1 680 336
1 819 612
1 588 728
1 18 900
1 851 778
1 703 908
1 551 555
1 681 561
1 168 457
1 878 744
1 889 151
1 805 185
1 840 260
1 435 108
1 613 980
1 674 84
1 309 368
1 874 679
1 896 645
1 763 390
1 241 397
1 739 571
1 857 483
1 550 494
1 472 436
1 142 664
1 374 917
1 102 496
1 59 287
1 499 494
1 414 171
1 79 440
1 817 382
1 147 214
1 959 887
1 401 200
1 815 322
1 239 296
1 655 563
1 878 190
1 334 331
1 802 498
1 862 521
1 794 343
1 905 502
1 204 460
1 656 564
1 467 122
1 792 634
1 238 980
1 123 947
1 615 755
1 205 920
1 751 843
1 930 116
1 414 102
1 631 724
1 835 455
1 325 891
1 874 968
1 514 457
1 814 151
1 5 872
1 48 1000
1 219 133
1 992 822
1 896 471
1 154 97
1 199 836
1 626 340
1 284 190
1 986 856
1 929 235
1 591 787
1 717 305
1 198 70
1 21 49
1 519 813
1 720 288
1 588 748
1 94 148
1 993 974
1 936 816
1 818 24
1 115 30
1 959 984
1 109 941
1 388 514
1 13 506
1 289 937
1 404 339
1 478 369
1 916 610
1 763 443
1 326 486
1 644 433
1 181 719
1 341 522
1 323 895
1 876 79
1 498 492
1 505 726
1 329 48
1 691 761
1 485 44
1 938 399
1 883 324
1 812 182
1 53 132
1 264 732
1 161 202
1 3 878
1 794 74
1 512 36
1 665 185
1 567 702
1 688 99
1 473 688
1 143 610
1 295 378
1 807 928
1 733 25
1 407 22
1 486 673
1 99 186
1 12 665
1 466 37
1 49 64
1 293 315
1 738 647
1 151 565
1 443 392
1 718 890
1 160 72
1 336 141
1 398 387
1 479 670
1 93 320
1 520 37
1 347 267
1 43 346
1 101 788
1 455 138
1 499 396
1 933 753
1 162 47
1 741 932
1 312 448
1 329 925
1 326 29
1 385 25
1 294 259
1 462 368
1 541 579
1 928 688
1 820 982
1 909 945
1 124 558
1 178 623
1 164 782
1 833 94
1 24 181
1 618 125
1 514 857
1 338 196
1 930 478
1 598 628
1 204 370
1 376 739
1 374 615
1 306 789
1 481 706
1 115 248
1 211 674
1 90 902
1 341 818
1 825 187
1 14 998
1 685 95
1 613 473
1 678 664
1 771 733
1 26 773
1 992 178
1 528 407
1 521 368
1 274 612
1 422 830
1 980 125
1 9 196
1 971 394
1 9 308
1 426 659
1 629 440
1 748 455
1 899 678
1 12 188
1 679 880
1 70 321
1 180 992
1 751 975
1 200 600
1 773 863
1 71 827
1 867 143
1 971 561
1 685 289
1 750 866
1 355 8
1 184 996
1 264 851
1 575 755
1 766 695
1 766 86
1 777 892
1 13 914
1 917 447
1 503 770
1 861 9
1 847 771
1 729 270
1 562 829
1 361 711
1 620 647
1 512 860
1 346 675
1 95 637
1 811 421
1 584 263
1 252 18
1 124 97
1 46 305
1 90 807
1 683 985
1 758 162
1 400 874
1 516 880
1 40 387
1 245 588
1 876 965
1 580 967
1 321 663
1 772 630
1 831 233
1 333 983
1 563 305
1 70 790
1 907 883
1 344 157
1 634 910
1 946 433
1 256 268
1 161 494
1 966 842
1 259 196
1 782 232
1 295 396
1 607 648
1 764 735
1 599 152
1 1 240
1 364 278
1 328 560
1 280 365
1 58 414
1 532 801
1 446 302
1 474 243
1 398 124
1 149 624
1 824 169
1 890 603
1 701 347
1 954 90
1 548 827
1 912 656
1 639 875
1 336 25
1 571 544
1 905 802
1 141 831
1 951 956
1 245 611
1 789 336
1 689 386
1 811 106
1 310 280
1 291 650
1 659 778
1 131 953
1 837 662
1 291 836
1 197 987
1 133 475
1 36 78
1 178 491
1 68 532
1 415 223
1 241 676
1 458 664
1 516 996
1 518 410
1 678 981
1 557 474
1 647 934
1 769 724
1 396 663
1 112 778
1 646 428
1 709 578
1 936 833
1 759 296
1 827 8
1 792 664
1 484 157
1 782 789
1 25 433
1 109 190
1 853 994
1 103 369
